925 875 13
925 850 11
925 825 19
925 800 10
925 775 14
925 750 16
925 725 10
925 700 16
925 675 7
925 650 11
925 625 10
925 600 9
925 575 10
925 550 20
925 525 12
925 500 14
925 475 15
925 450 13
925 425 17
925 400 14
925 375 11
925 350 12
925 325 12
925 300 9
925 275 12
925 250 15
925 225 20
925 200 16
925 175 12
925 150 13
925 125 15
925 100 12
925 75 8
925 50 12
925 25 7
925 0 11
900 875 8
900 850 16
900 825 17
900 800 11
900 775 15
900 750 12
900 725 19
900 700 13
900 675 15
900 650 11
900 625 9
900 600 16
900 575 19
900 550 20
900 525 22
900 500 15
900 475 15
900 450 22
900 425 17
900 400 10
900 375 14
900 350 17
900 325 16
900 300 15
900 275 12
900 250 17
900 225 19
900 200 21
900 175 16
900 150 18
900 125 19
900 100 16
900 75 14
900 50 15
900 25 12
900 0 12
875 875 16
875 850 3
875 825 4
875 800 8
875 775 11
875 750 7
875 725 4
875 700 6
875 675 11
875 650 8
875 625 8
875 600 11
875 575 5
875 550 16
875 525 13
875 500 14
875 475 14
875 450 16
875 425 7
875 400 7
875 375 12
875 350 8
875 325 14
875 300 6
875 275 20
875 250 13
875 225 7
875 200 15
875 175 5
875 150 12
875 125 15
875 100 11
875 75 8
875 50 2
875 25 1
875 0 7
850 875 10
850 850 22
850 825 15
850 800 10
850 775 19
850 750 13
850 725 23
850 700 12
850 675 11
850 650 14
850 625 12
850 600 17
850 575 14
850 550 12
850 525 16
850 500 15
850 475 20
850 450 12
850 425 20
850 400 8
850 375 12
850 350 16
850 325 17
850 300 11
850 275 13
850 250 15
850 225 13
850 200 14
850 175 10
850 150 10
850 125 13
850 100 14
850 75 17
850 50 12
850 25 25
850 0 25
825 875 6
825 850 14
825 825 10
825 800 16
825 775 16
825 750 13
825 725 13
825 700 15
825 675 15
825 650 9
825 625 13
825 600 14
825 575 15
825 550 21
825 525 19
825 500 11
825 475 15
825 450 26
825 425 15
825 400 15
825 375 14
825 350 20
825 325 14
825 300 17
825 275 19
825 250 16
825 225 21
825 200 20
825 175 17
825 150 21
825 125 15
825 100 19
825 75 19
825 50 10
825 25 8
825 0 12
800 875 4
800 850 20
800 825 15
800 800 15
800 775 18
800 750 12
800 725 18
800 700 20
800 675 17
800 650 15
800 625 25
800 600 18
800 575 9
800 550 14
800 525 14
800 500 20
800 475 18
800 450 17
800 425 17
800 400 20
800 375 16
800 350 15
800 325 17
800 300 13
800 275 21
800 250 16
800 225 21
800 200 12
800 175 16
800 150 9
800 125 17
800 100 18
800 75 21
800 50 17
800 25 19
800 0 13
775 875 10
775 850 19
775 825 18
775 800 11
775 775 15
775 750 15
775 725 17
775 700 14
775 675 19
775 650 18
775 625 9
775 600 14
775 575 14
775 550 15
775 525 17
775 500 18
775 475 18
775 450 13
775 425 14
775 400 12
775 375 15
775 350 21
775 325 17
775 300 21
775 275 18
775 250 19
775 225 14
775 200 18
775 175 17
775 150 17
775 125 18
775 100 17
775 75 12
775 50 14
775 25 13
775 0 17
750 875 16
750 850 11
750 825 14
750 800 10
750 775 14
750 750 10
750 725 8
750 700 19
750 675 15
750 650 19
750 625 13
750 600 13
750 575 9
750 550 18
750 525 14
750 500 18
750 475 18
750 450 17
750 425 14
750 400 20
750 375 16
750 350 8
750 325 19
750 300 20
750 275 18
750 250 11
750 225 20
750 200 17
750 175 19
750 150 15
750 125 14
750 100 16
750 75 11
750 50 8
750 25 2
750 0 9
725 875 12
725 850 14
725 825 15
725 800 17
725 775 13
725 750 9
725 725 18
725 700 17
725 675 21
725 650 14
725 625 14
725 600 20
725 575 20
725 550 22
725 525 20
725 500 18
725 475 23
725 450 18
725 425 18
725 400 15
725 375 20
725 350 19
725 325 19
725 300 26
725 275 21
725 250 13
725 225 21
725 200 20
725 175 18
725 150 19
725 125 17
725 100 18
725 75 15
725 50 12
725 25 8
725 0 12
700 875 15
700 850 12
700 825 8
700 800 11
700 775 18
700 750 19
700 725 13
700 700 11
700 675 14
700 650 13
700 625 13
700 600 11
700 575 8
700 550 18
700 525 12
700 500 17
700 475 18
700 450 14
700 425 9
700 400 9
700 375 17
700 350 12
700 325 18
700 300 16
700 275 16
700 250 16
700 225 11
700 200 14
700 175 15
700 150 18
700 125 14
700 100 10
700 75 17
700 50 21
700 25 9
700 0 13
675 875 17
675 850 16
675 825 19
675 800 15
675 775 14
675 750 15
675 725 17
675 700 20
675 675 19
675 650 22
675 625 21
675 600 18
675 575 10
675 550 17
675 525 17
675 500 17
675 475 16
675 450 19
675 425 19
675 400 10
675 375 14
675 350 15
675 325 20
675 300 16
675 275 21
675 250 15
675 225 16
675 200 16
675 175 15
675 150 14
675 125 16
675 100 18
675 75 16
675 50 15
675 25 13
675 0 14
650 875 14
650 850 8
650 825 10
650 800 4
650 775 10
650 750 10
650 725 9
650 700 13
650 675 14
650 650 16
650 625 11
650 600 13
650 575 12
650 550 12
650 525 11
650 500 15
650 475 14
650 450 12
650 425 14
650 400 12
650 375 16
650 350 7
650 325 12
650 300 14
650 275 16
650 250 15
650 225 15
650 200 18
650 175 22
650 150 24
650 125 15
650 100 9
650 75 7
650 50 9
650 25 3
650 0 8
625 875 15
625 850 12
625 825 9
625 800 11
625 775 12
625 750 7
625 725 10
625 700 14
625 675 19
625 650 11
625 625 12
625 600 16
625 575 15
625 550 23
625 525 15
625 500 19
625 475 15
625 450 20
625 425 11
625 400 10
625 375 17
625 350 11
625 325 24
625 300 17
625 275 12
625 250 12
625 225 15
625 200 25
625 175 15
625 150 22
625 125 15
625 100 17
625 75 10
625 50 10
625 25 3
625 0 9
600 875 7
600 850 16
600 825 9
600 800 9
600 775 15
600 750 11
600 725 15
600 700 9
600 675 7
600 650 7
600 625 9
600 600 10
600 575 16
600 550 11
600 525 8
600 500 9
600 475 12
600 450 16
600 425 4
600 400 10
600 375 11
600 350 14
600 325 9
600 300 4
600 275 8
600 250 13
600 225 10
600 200 14
600 175 10
600 150 16
600 125 13
600 100 12
600 75 15
600 50 16
600 25 12
600 0 25
575 875 15
575 850 11
575 825 14
575 800 11
575 775 13
575 750 9
575 725 12
575 700 9
575 675 18
575 650 19
575 625 15
575 600 13
575 575 9
575 550 16
575 525 20
575 500 15
575 475 13
575 450 21
575 425 22
575 400 18
575 375 14
575 350 6
575 325 17
575 300 14
575 275 16
575 250 15
575 225 17
575 200 15
575 175 8
575 150 15
575 125 17
575 100 15
575 75 7
575 50 7
575 25 4
575 0 14
550 875 8
550 850 23
550 825 16
550 800 16
550 775 15
550 750 8
550 725 15
550 700 21
550 675 15
550 650 12
550 625 17
550 600 17
550 575 11
550 550 14
550 525 7
550 500 17
550 475 15
550 450 18
550 425 19
550 400 10
550 375 16
550 350 12
550 325 18
550 300 9
550 275 11
550 250 18
550 225 16
550 200 8
550 175 9
550 150 11
550 125 18
550 100 20
550 75 22
550 50 13
550 25 12
550 0 17
525 875 3
525 850 16
525 825 15
525 800 12
525 775 12
525 750 10
525 725 17
525 700 19
525 675 15
525 650 19
525 625 15
525 600 14
525 575 22
525 550 12
525 525 16
525 500 12
525 475 24
525 450 18
525 425 12
525 400 14
525 375 13
525 350 15
525 325 18
525 300 11
525 275 17
525 250 13
525 225 13
525 200 13
525 175 14
525 150 9
525 125 18
525 100 13
525 75 15
525 50 18
525 25 7
525 0 13
500 875 5
500 850 12
500 825 20
500 800 11
500 775 12
500 750 5
500 725 17
500 700 12
500 675 11
500 650 6
500 625 17
500 600 16
500 575 18
500 550 8
500 525 9
500 500 10
500 475 15
500 450 8
500 425 18
500 400 11
500 375 14
500 350 17
500 325 6
500 300 5
500 275 10
500 250 18
500 225 10
500 200 6
500 175 8
500 150 11
500 125 14
500 100 13
500 75 9
500 50 10
500 25 14
500 0 17
475 875 5
475 850 14
475 825 16
475 800 14
475 775 11
475 750 5
475 725 10
475 700 15
475 675 22
475 650 16
475 625 16
475 600 13
475 575 15
475 550 15
475 525 7
475 500 15
475 475 17
475 450 14
475 425 15
475 400 25
475 375 23
475 350 11
475 325 12
475 300 14
475 275 14
475 250 13
475 225 18
475 200 19
475 175 16
475 150 18
475 125 18
475 100 18
475 75 12
475 50 9
475 25 4
475 0 8
450 875 13
450 850 7
450 825 16
450 800 11
450 775 21
450 750 14
450 725 13
450 700 19
450 675 18
450 650 19
450 625 21
450 600 18
450 575 15
450 550 16
450 525 20
450 500 15
450 475 16
450 450 16
450 425 17
450 400 16
450 375 13
450 350 17
450 325 14
450 300 15
450 275 22
450 250 13
450 225 15
450 200 15
450 175 14
450 150 17
450 125 17
450 100 18
450 75 16
450 50 14
450 25 12
450 0 9
425 875 8
425 850 17
425 825 20
425 800 16
425 775 19
425 750 12
425 725 19
425 700 25
425 675 22
425 650 14
425 625 17
425 600 19
425 575 15
425 550 20
425 525 18
425 500 21
425 475 18
425 450 19
425 425 16
425 400 18
425 375 21
425 350 17
425 325 26
425 300 18
425 275 18
425 250 20
425 225 19
425 200 17
425 175 18
425 150 18
425 125 20
425 100 26
425 75 14
425 50 12
425 25 13
425 0 15
400 875 8
400 850 17
400 825 22
400 800 15
400 775 14
400 750 15
400 725 13
400 700 19
400 675 13
400 650 15
400 625 15
400 600 12
400 575 14
400 550 17
400 525 15
400 500 14
400 475 12
400 450 7
400 425 14
400 400 10
400 375 14
400 350 20
400 325 13
400 300 14
400 275 18
400 250 14
400 225 18
400 200 14
400 175 9
400 150 10
400 125 15
400 100 18
400 75 13
400 50 9
400 25 15
400 0 19
375 875 6
375 850 10
375 825 17
375 800 8
375 775 20
375 750 18
375 725 13
375 700 15
375 675 13
375 650 26
375 625 17
375 600 19
375 575 11
375 550 15
375 525 17
375 500 21
375 475 17
375 450 10
375 425 19
375 400 21
375 375 12
375 350 20
375 325 20
375 300 18
375 275 17
375 250 10
375 225 18
375 200 10
375 175 9
375 150 10
375 125 17
375 100 16
375 75 15
375 50 11
375 25 18
375 0 10
350 875 9
350 850 12
350 825 7
350 800 21
350 775 8
350 750 17
350 725 16
350 700 13
350 675 10
350 650 9
350 625 14
350 600 11
350 575 7
350 550 6
350 525 13
350 500 11
350 475 9
350 450 11
350 425 8
350 400 6
350 375 10
350 350 14
350 325 11
350 300 15
350 275 11
350 250 12
350 225 5
350 200 4
350 175 6
350 150 9
350 125 11
350 100 8
350 75 20
350 50 17
350 25 14
350 0 14
325 875 2
325 850 12
325 825 11
325 800 12
325 775 16
325 750 23
325 725 20
325 700 14
325 675 17
325 650 12
325 625 11
325 600 13
325 575 13
325 550 14
325 525 10
325 500 11
325 475 9
325 450 13
325 425 8
325 400 12
325 375 11
325 350 14
325 325 10
325 300 11
325 275 11
325 250 15
325 225 15
325 200 15
325 175 12
325 150 11
325 125 10
325 100 12
325 75 18
325 50 22
325 25 18
325 0 18
300 875 8
300 850 22
300 825 9
300 800 16
300 775 18
300 750 14
300 725 16
300 700 17
300 675 15
300 650 8
300 625 12
300 600 10
300 575 15
300 550 20
300 525 15
300 500 16
300 475 14
300 450 17
300 425 8
300 400 7
300 375 14
300 350 10
300 325 15
300 300 15
300 275 11
300 250 15
300 225 17
300 200 14
300 175 14
300 150 17
300 125 14
300 100 13
300 75 24
300 50 17
300 25 15
300 0 21
275 875 10
275 850 13
275 825 8
275 800 8
275 775 19
275 750 16
275 725 16
275 700 18
275 675 16
275 650 17
275 625 12
275 600 11
275 575 7
275 550 13
275 525 20
275 500 13
275 475 10
275 450 10
275 425 14
275 400 13
275 375 8
275 350 10
275 325 7
275 300 17
275 275 14
275 250 15
275 225 16
275 200 18
275 175 15
275 150 17
275 125 15
275 100 10
275 75 23
275 50 22
275 25 16
275 0 12
250 875 0
250 850 2
250 825 1
250 800 0
250 775 10
250 750 12
250 725 11
250 700 3
250 675 8
250 650 16
250 625 11
250 600 4
250 575 5
250 550 5
250 525 8
250 500 5
250 475 8
250 450 6
250 425 6
250 400 6
250 375 8
250 350 10
250 325 1
250 300 12
250 275 11
250 250 3
250 225 12
250 200 9
250 175 20
250 150 14
250 125 4
250 100 5
250 75 6
250 50 13
250 25 2
250 0 4
225 875 1
225 850 7
225 825 8
225 800 5
225 775 16
225 750 17
225 725 15
225 700 13
225 675 13
225 650 17
225 625 18
225 600 11
225 575 8
225 550 11
225 525 16
225 500 8
225 475 11
225 450 11
225 425 13
225 400 17
225 375 11
225 350 18
225 325 7
225 300 22
225 275 14
225 250 13
225 225 17
225 200 17
225 175 18
225 150 13
225 125 10
225 100 15
225 75 12
225 50 14
225 25 10
225 0 10
200 875 4
200 850 11
200 825 9
200 800 6
200 775 17
200 750 13
200 725 13
200 700 15
200 675 20
200 650 15
200 625 16
200 600 14
200 575 8
200 550 12
200 525 18
200 500 16
200 475 8
200 450 11
200 425 17
200 400 15
200 375 16
200 350 13
200 325 16
200 300 18
200 275 18
200 250 10
200 225 17
200 200 16
200 175 17
200 150 15
200 125 11
200 100 14
200 75 8
200 50 11
200 25 9
200 0 13
175 875 10
175 850 11
175 825 7
175 800 11
175 775 15
175 750 13
175 725 11
175 700 15
175 675 9
175 650 10
175 625 12
175 600 10
175 575 9
175 550 16
175 525 18
175 500 16
175 475 10
175 450 9
175 425 12
175 400 11
175 375 10
175 350 19
175 325 14
175 300 23
175 275 17
175 250 10
175 225 17
175 200 15
175 175 19
175 150 14
175 125 10
175 100 18
175 75 12
175 50 11
175 25 12
175 0 14
150 875 11
150 850 11
150 825 13
150 800 13
150 775 10
150 750 14
150 725 16
150 700 8
150 675 15
150 650 15
150 625 13
150 600 13
150 575 9
150 550 13
150 525 10
150 500 16
150 475 13
150 450 15
150 425 7
150 400 10
150 375 14
150 350 10
150 325 13
150 300 12
150 275 12
150 250 21
150 225 8
150 200 15
150 175 16
150 150 11
150 125 17
150 100 9
150 75 12
150 50 25
150 25 12
150 0 11
125 875 5
125 850 14
125 825 18
125 800 14
125 775 6
125 750 2
125 725 13
125 700 14
125 675 12
125 650 8
125 625 16
125 600 14
125 575 14
125 550 22
125 525 7
125 500 15
125 475 22
125 450 15
125 425 20
125 400 17
125 375 21
125 350 14
125 325 13
125 300 5
125 275 12
125 250 17
125 225 18
125 200 16
125 175 10
125 150 16
125 125 20
125 100 16
125 75 12
125 50 3
125 25 2
125 0 9
100 875 5
100 850 9
100 825 6
100 800 11
100 775 15
100 750 15
100 725 9
100 700 9
100 675 5
100 650 12
100 625 11
100 600 4
100 575 2
100 550 8
100 525 11
100 500 4
100 475 5
100 450 5
100 425 9
100 400 6
100 375 2
100 350 16
100 325 2
100 300 20
100 275 11
100 250 3
100 225 14
100 200 10
100 175 11
100 150 6
100 125 2
100 100 11
100 75 15
100 50 10
100 25 16
100 0 11
75 875 18
75 850 18
75 825 13
75 800 14
75 775 20
75 750 18
75 725 13
75 700 19
75 675 7
75 650 9
75 625 14
75 600 14
75 575 5
75 550 15
75 525 16
75 500 14
75 475 8
75 450 10
75 425 14
75 400 10
75 375 8
75 350 15
75 325 12
75 300 21
75 275 14
75 250 7
75 225 12
75 200 13
75 175 2
75 150 12
75 125 9
75 100 12
75 75 17
75 50 15
75 25 24
75 0 17
50 875 9
50 850 11
50 825 16
50 800 10
50 775 19
50 750 17
50 725 20
50 700 20
50 675 14
50 650 13
50 625 17
50 600 14
50 575 12
50 550 14
50 525 27
50 500 8
50 475 15
50 450 13
50 425 13
50 400 12
50 375 9
50 350 18
50 325 11
50 300 24
50 275 18
50 250 9
50 225 13
50 200 17
50 175 13
50 150 13
50 125 11
50 100 15
50 75 18
50 50 16
50 25 18
50 0 13
25 875 3
25 850 19
25 825 18
25 800 8
25 775 25
25 750 11
25 725 20
25 700 17
25 675 17
25 650 9
25 625 10
25 600 15
25 575 22
25 550 13
25 525 9
25 500 11
25 475 22
25 450 13
25 425 13
25 400 9
25 375 9
25 350 24
25 325 18
25 300 10
25 275 12
25 250 16
25 225 23
25 200 21
25 175 15
25 150 14
25 125 16
25 100 18
25 75 13
25 50 16
25 25 14
25 0 23
0 875 11
0 850 16
0 825 15
0 800 17
0 775 19
0 750 18
0 725 17
0 700 18
0 675 15
0 650 15
0 625 14
0 600 14
0 575 12
0 550 21
0 525 15
0 500 20
0 475 15
0 450 17
0 425 12
0 400 17
0 375 12
0 350 19
0 325 16
0 300 19
0 275 18
0 250 14
0 225 13
0 200 19
0 175 13
0 150 18
0 125 15
0 100 20
0 75 15
0 50 18
0 25 14
0 0 21
1875 875 4
1875 850 5
1875 825 6
1875 800 2
1875 775 13
1875 750 13
1875 725 10
1875 700 11
1875 675 16
1875 650 20
1875 625 10
1875 600 6
1875 575 7
1875 550 18
1875 525 18
1875 500 14
1875 475 13
1875 450 13
1875 425 13
1875 400 11
1875 375 14
1875 350 10
1875 325 11
1875 300 20
1875 275 16
1875 250 8
1875 225 16
1875 200 13
1875 175 20
1875 150 20
1875 125 12
1875 100 5
1875 75 9
1875 50 15
1875 25 1
1875 0 6
1850 875 16
1850 850 3
1850 825 8
1850 800 5
1850 775 12
1850 750 15
1850 725 14
1850 700 14
1850 675 17
1850 650 19
1850 625 14
1850 600 18
1850 575 15
1850 550 14
1850 525 23
1850 500 13
1850 475 11
1850 450 17
1850 425 13
1850 400 15
1850 375 15
1850 350 15
1850 325 17
1850 300 16
1850 275 19
1850 250 19
1850 225 16
1850 200 16
1850 175 20
1850 150 20
1850 125 16
1850 100 10
1850 75 12
1850 50 13
1850 25 5
1850 0 10
1825 875 9
1825 850 16
1825 825 15
1825 800 10
1825 775 13
1825 750 18
1825 725 20
1825 700 20
1825 675 17
1825 650 16
1825 625 25
1825 600 16
1825 575 10
1825 550 19
1825 525 17
1825 500 20
1825 475 20
1825 450 16
1825 425 15
1825 400 16
1825 375 21
1825 350 16
1825 325 18
1825 300 15
1825 275 23
1825 250 23
1825 225 17
1825 200 16
1825 175 21
1825 150 22
1825 125 21
1825 100 15
1825 75 14
1825 50 14
1825 25 8
1825 0 14
1800 875 16
1800 850 1
1800 825 5
1800 800 2
1800 775 10
1800 750 10
1800 725 8
1800 700 9
1800 675 14
1800 650 17
1800 625 11
1800 600 13
1800 575 7
1800 550 10
1800 525 15
1800 500 9
1800 475 13
1800 450 13
1800 425 15
1800 400 13
1800 375 13
1800 350 8
1800 325 17
1800 300 14
1800 275 17
1800 250 17
1800 225 9
1800 200 12
1800 175 16
1800 150 20
1800 125 16
1800 100 7
1800 75 8
1800 50 8
1800 25 3
1800 0 4
1775 875 5
1775 850 4
1775 825 6
1775 800 6
1775 775 12
1775 750 17
1775 725 11
1775 700 11
1775 675 15
1775 650 19
1775 625 11
1775 600 11
1775 575 8
1775 550 10
1775 525 12
1775 500 10
1775 475 9
1775 450 14
1775 425 8
1775 400 9
1775 375 10
1775 350 11
1775 325 14
1775 300 19
1775 275 16
1775 250 12
1775 225 11
1775 200 14
1775 175 25
1775 150 17
1775 125 11
1775 100 6
1775 75 8
1775 50 15
1775 25 1
1775 0 6
1750 875 11
1750 850 11
1750 825 9
1750 800 9
1750 775 17
1750 750 13
1750 725 12
1750 700 15
1750 675 21
1750 650 19
1750 625 18
1750 600 15
1750 575 11
1750 550 19
1750 525 19
1750 500 17
1750 475 17
1750 450 16
1750 425 15
1750 400 20
1750 375 20
1750 350 9
1750 325 14
1750 300 17
1750 275 23
1750 250 16
1750 225 20
1750 200 14
1750 175 23
1750 150 25
1750 125 15
1750 100 15
1750 75 12
1750 50 14
1750 25 3
1750 0 9
1725 875 13
1725 850 7
1725 825 10
1725 800 13
1725 775 13
1725 750 9
1725 725 8
1725 700 13
1725 675 19
1725 650 21
1725 625 13
1725 600 13
1725 575 14
1725 550 21
1725 525 20
1725 500 14
1725 475 17
1725 450 20
1725 425 12
1725 400 15
1725 375 16
1725 350 9
1725 325 16
1725 300 17
1725 275 16
1725 250 16
1725 225 14
1725 200 17
1725 175 19
1725 150 22
1725 125 16
1725 100 14
1725 75 11
1725 50 18
1725 25 3
1725 0 11
1700 875 10
1700 850 12
1700 825 10
1700 800 12
1700 775 17
1700 750 8
1700 725 14
1700 700 13
1700 675 16
1700 650 9
1700 625 10
1700 600 11
1700 575 15
1700 550 20
1700 525 19
1700 500 18
1700 475 15
1700 450 16
1700 425 10
1700 400 11
1700 375 14
1700 350 12
1700 325 20
1700 300 15
1700 275 16
1700 250 20
1700 225 20
1700 200 22
1700 175 17
1700 150 27
1700 125 20
1700 100 19
1700 75 12
1700 50 11
1700 25 1
1700 0 10
1675 875 10
1675 850 10
1675 825 9
1675 800 8
1675 775 15
1675 750 15
1675 725 15
1675 700 12
1675 675 17
1675 650 15
1675 625 16
1675 600 13
1675 575 13
1675 550 17
1675 525 18
1675 500 15
1675 475 15
1675 450 15
1675 425 12
1675 400 9
1675 375 13
1675 350 18
1675 325 14
1675 300 16
1675 275 20
1675 250 17
1675 225 16
1675 200 21
1675 175 17
1675 150 26
1675 125 17
1675 100 13
1675 75 16
1675 50 16
1675 25 4
1675 0 12
1650 875 14
1650 850 5
1650 825 8
1650 800 11
1650 775 16
1650 750 18
1650 725 12
1650 700 13
1650 675 10
1650 650 18
1650 625 18
1650 600 17
1650 575 9
1650 550 16
1650 525 15
1650 500 11
1650 475 8
1650 450 12
1650 425 12
1650 400 14
1650 375 10
1650 350 19
1650 325 7
1650 300 13
1650 275 17
1650 250 11
1650 225 12
1650 200 9
1650 175 9
1650 150 16
1650 125 12
1650 100 12
1650 75 14
1650 50 10
1650 25 11
1650 0 11
1625 875 14
1625 850 10
1625 825 11
1625 800 15
1625 775 20
1625 750 18
1625 725 18
1625 700 16
1625 675 17
1625 650 20
1625 625 22
1625 600 15
1625 575 7
1625 550 15
1625 525 16
1625 500 12
1625 475 12
1625 450 15
1625 425 17
1625 400 18
1625 375 13
1625 350 13
1625 325 15
1625 300 24
1625 275 16
1625 250 13
1625 225 10
1625 200 12
1625 175 8
1625 150 13
1625 125 16
1625 100 14
1625 75 16
1625 50 18
1625 25 12
1625 0 11
1600 875 18
1600 850 6
1600 825 16
1600 800 9
1600 775 12
1600 750 10
1600 725 13
1600 700 13
1600 675 15
1600 650 16
1600 625 15
1600 600 21
1600 575 6
1600 550 10
1600 525 14
1600 500 10
1600 475 11
1600 450 15
1600 425 16
1600 400 14
1600 375 14
1600 350 13
1600 325 13
1600 300 14
1600 275 23
1600 250 18
1600 225 13
1600 200 11
1600 175 14
1600 150 17
1600 125 15
1600 100 10
1600 75 10
1600 50 6
1600 25 10
1600 0 8
1575 875 12
1575 850 15
1575 825 13
1575 800 20
1575 775 13
1575 750 12
1575 725 16
1575 700 16
1575 675 16
1575 650 8
1575 625 17
1575 600 18
1575 575 15
1575 550 14
1575 525 14
1575 500 16
1575 475 14
1575 450 16
1575 425 11
1575 400 11
1575 375 7
1575 350 20
1575 325 17
1575 300 20
1575 275 12
1575 250 13
1575 225 9
1575 200 14
1575 175 7
1575 150 10
1575 125 16
1575 100 14
1575 75 13
1575 50 16
1575 25 18
1575 0 12
1550 875 6
1550 850 16
1550 825 21
1550 800 15
1550 775 13
1550 750 13
1550 725 13
1550 700 17
1550 675 17
1550 650 10
1550 625 15
1550 600 13
1550 575 17
1550 550 17
1550 525 7
1550 500 12
1550 475 19
1550 450 8
1550 425 24
1550 400 22
1550 375 15
1550 350 10
1550 325 11
1550 300 8
1550 275 17
1550 250 13
1550 225 23
1550 200 12
1550 175 11
1550 150 10
1550 125 19
1550 100 16
1550 75 7
1550 50 5
1550 25 10
1550 0 14
1525 875 12
1525 850 15
1525 825 19
1525 800 12
1525 775 15
1525 750 7
1525 725 19
1525 700 16
1525 675 14
1525 650 9
1525 625 10
1525 600 15
1525 575 19
1525 550 17
1525 525 12
1525 500 26
1525 475 23
1525 450 20
1525 425 19
1525 400 11
1525 375 18
1525 350 16
1525 325 21
1525 300 8
1525 275 15
1525 250 16
1525 225 17
1525 200 19
1525 175 12
1525 150 21
1525 125 20
1525 100 22
1525 75 8
1525 50 14
1525 25 10
1525 0 17
1500 875 8
1500 850 12
1500 825 6
1500 800 12
1500 775 12
1500 750 12
1500 725 15
1500 700 17
1500 675 13
1500 650 12
1500 625 16
1500 600 11
1500 575 12
1500 550 18
1500 525 12
1500 500 9
1500 475 12
1500 450 14
1500 425 13
1500 400 14
1500 375 13
1500 350 13
1500 325 11
1500 300 24
1500 275 15
1500 250 10
1500 225 17
1500 200 17
1500 175 21
1500 150 16
1500 125 10
1500 100 15
1500 75 17
1500 50 14
1500 25 7
1500 0 8
1475 875 9
1475 850 6
1475 825 9
1475 800 8
1475 775 15
1475 750 17
1475 725 15
1475 700 11
1475 675 15
1475 650 15
1475 625 27
1475 600 19
1475 575 3
1475 550 8
1475 525 18
1475 500 7
1475 475 8
1475 450 9
1475 425 14
1475 400 14
1475 375 11
1475 350 13
1475 325 4
1475 300 11
1475 275 19
1475 250 17
1475 225 7
1475 200 10
1475 175 13
1475 150 10
1475 125 13
1475 100 7
1475 75 18
1475 50 17
1475 25 14
1475 0 10
1450 875 9
1450 850 19
1450 825 13
1450 800 25
1450 775 17
1450 750 15
1450 725 14
1450 700 15
1450 675 20
1450 650 11
1450 625 17
1450 600 17
1450 575 9
1450 550 12
1450 525 21
1450 500 14
1450 475 12
1450 450 20
1450 425 18
1450 400 18
1450 375 17
1450 350 9
1450 325 18
1450 300 17
1450 275 18
1450 250 12
1450 225 13
1450 200 7
1450 175 10
1450 150 8
1450 125 14
1450 100 14
1450 75 18
1450 50 13
1450 25 11
1450 0 12
1425 875 0
1425 850 9
1425 825 8
1425 800 5
1425 775 9
1425 750 16
1425 725 16
1425 700 9
1425 675 16
1425 650 11
1425 625 7
1425 600 5
1425 575 12
1425 550 11
1425 525 9
1425 500 10
1425 475 10
1425 450 13
1425 425 5
1425 400 4
1425 375 11
1425 350 10
1425 325 12
1425 300 14
1425 275 10
1425 250 9
1425 225 16
1425 200 16
1425 175 19
1425 150 13
1425 125 7
1425 100 11
1425 75 12
1425 50 25
1425 25 4
1425 0 10
1400 875 12
1400 850 13
1400 825 13
1400 800 15
1400 775 17
1400 750 18
1400 725 14
1400 700 17
1400 675 14
1400 650 15
1400 625 14
1400 600 16
1400 575 7
1400 550 12
1400 525 18
1400 500 12
1400 475 10
1400 450 11
1400 425 9
1400 400 17
1400 375 9
1400 350 12
1400 325 9
1400 300 15
1400 275 20
1400 250 12
1400 225 5
1400 200 10
1400 175 5
1400 150 13
1400 125 12
1400 100 10
1400 75 17
1400 50 19
1400 25 20
1400 0 18
1375 875 11
1375 850 18
1375 825 10
1375 800 19
1375 775 14
1375 750 18
1375 725 18
1375 700 11
1375 675 13
1375 650 8
1375 625 10
1375 600 12
1375 575 13
1375 550 8
1375 525 17
1375 500 13
1375 475 16
1375 450 11
1375 425 8
1375 400 11
1375 375 7
1375 350 13
1375 325 12
1375 300 13
1375 275 12
1375 250 12
1375 225 6
1375 200 13
1375 175 4
1375 150 6
1375 125 12
1375 100 9
1375 75 17
1375 50 17
1375 25 18
1375 0 19
1350 875 18
1350 850 14
1350 825 19
1350 800 17
1350 775 10
1350 750 9
1350 725 11
1350 700 18
1350 675 25
1350 650 14
1350 625 15
1350 600 24
1350 575 13
1350 550 18
1350 525 14
1350 500 19
1350 475 16
1350 450 21
1350 425 17
1350 400 21
1350 375 20
1350 350 11
1350 325 21
1350 300 11
1350 275 15
1350 250 19
1350 225 10
1350 200 11
1350 175 9
1350 150 13
1350 125 19
1350 100 10
1350 75 9
1350 50 8
1350 25 9
1350 0 8
1325 875 15
1325 850 7
1325 825 13
1325 800 15
1325 775 12
1325 750 8
1325 725 18
1325 700 14
1325 675 15
1325 650 13
1325 625 14
1325 600 24
1325 575 16
1325 550 17
1325 525 19
1325 500 14
1325 475 18
1325 450 24
1325 425 15
1325 400 20
1325 375 11
1325 350 16
1325 325 14
1325 300 12
1325 275 20
1325 250 16
1325 225 16
1325 200 22
1325 175 16
1325 150 19
1325 125 16
1325 100 13
1325 75 13
1325 50 6
1325 25 7
1325 0 10
1300 875 3
1300 850 20
1300 825 13
1300 800 8
1300 775 14
1300 750 9
1300 725 18
1300 700 14
1300 675 11
1300 650 8
1300 625 10
1300 600 9
1300 575 23
1300 550 22
1300 525 12
1300 500 14
1300 475 20
1300 450 14
1300 425 15
1300 400 11
1300 375 13
1300 350 19
1300 325 18
1300 300 14
1300 275 10
1300 250 15
1300 225 24
1300 200 22
1300 175 22
1300 150 22
1300 125 16
1300 100 20
1300 75 13
1300 50 10
1300 25 5
1300 0 14
1275 875 10
1275 850 10
1275 825 12
1275 800 9
1275 775 17
1275 750 23
1275 725 14
1275 700 16
1275 675 16
1275 650 13
1275 625 13
1275 600 13
1275 575 7
1275 550 13
1275 525 18
1275 500 13
1275 475 11
1275 450 10
1275 425 9
1275 400 8
1275 375 7
1275 350 15
1275 325 9
1275 300 19
1275 275 16
1275 250 12
1275 225 9
1275 200 9
1275 175 8
1275 150 9
1275 125 13
1275 100 9
1275 75 20
1275 50 17
1275 25 19
1275 0 11
1250 875 18
1250 850 3
1250 825 7
1250 800 12
1250 775 18
1250 750 15
1250 725 5
1250 700 12
1250 675 5
1250 650 9
1250 625 19
1250 600 9
1250 575 7
1250 550 14
1250 525 17
1250 500 12
1250 475 7
1250 450 8
1250 425 12
1250 400 16
1250 375 5
1250 350 14
1250 325 12
1250 300 15
1250 275 14
1250 250 5
1250 225 14
1250 200 16
1250 175 10
1250 150 12
1250 125 9
1250 100 13
1250 75 10
1250 50 4
1250 25 13
1250 0 10
1225 875 10
1225 850 13
1225 825 14
1225 800 15
1225 775 16
1225 750 8
1225 725 12
1225 700 17
1225 675 22
1225 650 13
1225 625 17
1225 600 10
1225 575 17
1225 550 18
1225 525 13
1225 500 21
1225 475 17
1225 450 24
1225 425 17
1225 400 18
1225 375 20
1225 350 6
1225 325 22
1225 300 15
1225 275 16
1225 250 14
1225 225 19
1225 200 24
1225 175 20
1225 150 26
1225 125 20
1225 100 19
1225 75 11
1225 50 16
1225 25 2
1225 0 13
1200 875 11
1200 850 13
1200 825 20
1200 800 12
1200 775 11
1200 750 14
1200 725 15
1200 700 20
1200 675 18
1200 650 12
1200 625 17
1200 600 23
1200 575 13
1200 550 15
1200 525 17
1200 500 9
1200 475 13
1200 450 14
1200 425 16
1200 400 17
1200 375 10
1200 350 20
1200 325 11
1200 300 13
1200 275 16
1200 250 17
1200 225 10
1200 200 16
1200 175 8
1200 150 5
1200 125 10
1200 100 12
1200 75 11
1200 50 9
1200 25 13
1200 0 15
1175 875 5
1175 850 2
1175 825 11
1175 800 2
1175 775 19
1175 750 15
1175 725 8
1175 700 11
1175 675 13
1175 650 20
1175 625 13
1175 600 8
1175 575 5
1175 550 9
1175 525 13
1175 500 12
1175 475 7
1175 450 8
1175 425 14
1175 400 10
1175 375 8
1175 350 11
1175 325 7
1175 300 16
1175 275 15
1175 250 4
1175 225 13
1175 200 15
1175 175 17
1175 150 16
1175 125 6
1175 100 10
1175 75 8
1175 50 10
1175 25 7
1175 0 6
1150 875 9
1150 850 18
1150 825 13
1150 800 12
1150 775 18
1150 750 13
1150 725 17
1150 700 18
1150 675 16
1150 650 14
1150 625 13
1150 600 14
1150 575 13
1150 550 15
1150 525 15
1150 500 19
1150 475 17
1150 450 13
1150 425 13
1150 400 10
1150 375 13
1150 350 15
1150 325 24
1150 300 18
1150 275 18
1150 250 19
1150 225 17
1150 200 19
1150 175 15
1150 150 16
1150 125 23
1150 100 16
1150 75 15
1150 50 14
1150 25 12
1150 0 15
1125 875 20
1125 850 12
1125 825 14
1125 800 15
1125 775 16
1125 750 18
1125 725 18
1125 700 22
1125 675 13
1125 650 14
1125 625 13
1125 600 19
1125 575 9
1125 550 19
1125 525 23
1125 500 11
1125 475 14
1125 450 19
1125 425 12
1125 400 9
1125 375 7
1125 350 17
1125 325 21
1125 300 24
1125 275 18
1125 250 12
1125 225 8
1125 200 12
1125 175 5
1125 150 10
1125 125 9
1125 100 12
1125 75 18
1125 50 13
1125 25 17
1125 0 11
1100 875 10
1100 850 14
1100 825 9
1100 800 14
1100 775 21
1100 750 14
1100 725 23
1100 700 20
1100 675 9
1100 650 11
1100 625 16
1100 600 11
1100 575 5
1100 550 12
1100 525 19
1100 500 12
1100 475 12
1100 450 10
1100 425 14
1100 400 8
1100 375 9
1100 350 19
1100 325 11
1100 300 22
1100 275 21
1100 250 11
1100 225 15
1100 200 9
1100 175 10
1100 150 11
1100 125 17
1100 100 14
1100 75 23
1100 50 12
1100 25 21
1100 0 10
1075 875 15
1075 850 16
1075 825 18
1075 800 19
1075 775 17
1075 750 17
1075 725 17
1075 700 15
1075 675 12
1075 650 13
1075 625 12
1075 600 17
1075 575 5
1075 550 5
1075 525 17
1075 500 16
1075 475 10
1075 450 13
1075 425 12
1075 400 9
1075 375 7
1075 350 14
1075 325 12
1075 300 19
1075 275 17
1075 250 14
1075 225 10
1075 200 11
1075 175 4
1075 150 9
1075 125 12
1075 100 14
1075 75 15
1075 50 17
1075 25 24
1075 0 14
1050 875 20
1050 850 17
1050 825 10
1050 800 13
1050 775 12
1050 750 14
1050 725 12
1050 700 13
1050 675 10
1050 650 8
1050 625 6
1050 600 10
1050 575 11
1050 550 11
1050 525 12
1050 500 17
1050 475 12
1050 450 14
1050 425 4
1050 400 7
1050 375 10
1050 350 8
1050 325 12
1050 300 11
1050 275 14
1050 250 19
1050 225 7
1050 200 15
1050 175 4
1050 150 12
1050 125 10
1050 100 12
1050 75 17
1050 50 16
1050 25 11
1050 0 16
1025 875 8
1025 850 13
1025 825 14
1025 800 13
1025 775 24
1025 750 17
1025 725 17
1025 700 19
1025 675 11
1025 650 15
1025 625 18
1025 600 16
1025 575 7
1025 550 13
1025 525 16
1025 500 15
1025 475 12
1025 450 11
1025 425 12
1025 400 13
1025 375 8
1025 350 14
1025 325 7
1025 300 18
1025 275 13
1025 250 11
1025 225 13
1025 200 8
1025 175 6
1025 150 8
1025 125 14
1025 100 16
1025 75 18
1025 50 20
1025 25 29
1025 0 17
1000 875 5
1000 850 21
1000 825 18
1000 800 22
1000 775 11
1000 750 11
1000 725 24
1000 700 14
1000 675 15
1000 650 5
1000 625 12
1000 600 14
1000 575 14
1000 550 15
1000 525 5
1000 500 15
1000 475 19
1000 450 18
1000 425 13
1000 400 15
1000 375 14
1000 350 13
1000 325 13
1000 300 5
1000 275 7
1000 250 19
1000 225 13
1000 200 17
1000 175 8
1000 150 8
1000 125 17
1000 100 15
1000 75 19
1000 50 15
1000 25 13
1000 0 17
975 875 11
975 850 16
975 825 14
975 800 18
975 775 18
975 750 13
975 725 23
975 700 14
975 675 16
975 650 12
975 625 18
975 600 18
975 575 20
975 550 18
975 525 21
975 500 22
975 475 17
975 450 23
975 425 18
975 400 21
975 375 19
975 350 19
975 325 21
975 300 12
975 275 13
975 250 13
975 225 15
975 200 15
975 175 13
975 150 17
975 125 15
975 100 15
975 75 18
975 50 14
975 25 12
975 0 20
950 875 9
950 850 15
950 825 9
950 800 8
950 775 16
950 750 21
950 725 13
950 700 9
950 675 15
950 650 18
950 625 17
950 600 10
950 575 7
950 550 13
950 525 8
950 500 12
950 475 12
950 450 10
950 425 13
950 400 11
950 375 13
950 350 6
950 325 13
950 300 15
950 275 16
950 250 15
950 225 12
950 200 13
950 175 14
950 150 10
950 125 13
950 100 9
950 75 14
950 50 25
950 25 12
950 0 16
2825 875 13
2825 850 12
2825 825 15
2825 800 15
2825 775 17
2825 750 9
2825 725 20
2825 700 18
2825 675 24
2825 650 12
2825 625 16
2825 600 19
2825 575 17
2825 550 22
2825 525 17
2825 500 17
2825 475 21
2825 450 23
2825 425 15
2825 400 11
2825 375 23
2825 350 23
2825 325 19
2825 300 16
2825 275 20
2825 250 19
2825 225 17
2825 200 18
2825 175 15
2825 150 19
2825 125 22
2825 100 18
2825 75 14
2825 50 13
2825 25 7
2825 0 16
2800 875 16
2800 850 18
2800 825 16
2800 800 10
2800 775 14
2800 750 12
2800 725 19
2800 700 21
2800 675 22
2800 650 14
2800 625 12
2800 600 25
2800 575 16
2800 550 20
2800 525 18
2800 500 17
2800 475 23
2800 450 18
2800 425 13
2800 400 11
2800 375 19
2800 350 18
2800 325 19
2800 300 14
2800 275 21
2800 250 19
2800 225 17
2800 200 18
2800 175 15
2800 150 16
2800 125 17
2800 100 15
2800 75 16
2800 50 15
2800 25 5
2800 0 12
2775 875 11
2775 850 12
2775 825 7
2775 800 12
2775 775 10
2775 750 17
2775 725 15
2775 700 16
2775 675 13
2775 650 17
2775 625 11
2775 600 9
2775 575 8
2775 550 11
2775 525 18
2775 500 15
2775 475 10
2775 450 21
2775 425 9
2775 400 14
2775 375 11
2775 350 4
2775 325 16
2775 300 17
2775 275 15
2775 250 13
2775 225 7
2775 200 12
2775 175 15
2775 150 17
2775 125 10
2775 100 5
2775 75 11
2775 50 19
2775 25 7
2775 0 10
2750 875 11
2750 850 16
2750 825 9
2750 800 20
2750 775 11
2750 750 11
2750 725 16
2750 700 16
2750 675 16
2750 650 16
2750 625 17
2750 600 14
2750 575 10
2750 550 14
2750 525 11
2750 500 19
2750 475 13
2750 450 15
2750 425 13
2750 400 12
2750 375 17
2750 350 18
2750 325 13
2750 300 14
2750 275 16
2750 250 16
2750 225 18
2750 200 19
2750 175 14
2750 150 19
2750 125 15
2750 100 23
2750 75 20
2750 50 14
2750 25 9
2750 0 14
2725 875 9
2725 850 2
2725 825 12
2725 800 3
2725 775 18
2725 750 15
2725 725 10
2725 700 11
2725 675 14
2725 650 20
2725 625 20
2725 600 10
2725 575 8
2725 550 12
2725 525 19
2725 500 10
2725 475 12
2725 450 12
2725 425 15
2725 400 14
2725 375 10
2725 350 12
2725 325 13
2725 300 14
2725 275 20
2725 250 9
2725 225 12
2725 200 18
2725 175 17
2725 150 23
2725 125 13
2725 100 10
2725 75 9
2725 50 12
2725 25 4
2725 0 7
2700 875 4
2700 850 10
2700 825 7
2700 800 4
2700 775 12
2700 750 10
2700 725 16
2700 700 9
2700 675 14
2700 650 14
2700 625 9
2700 600 11
2700 575 15
2700 550 16
2700 525 11
2700 500 20
2700 475 14
2700 450 15
2700 425 9
2700 400 12
2700 375 15
2700 350 12
2700 325 21
2700 300 16
2700 275 12
2700 250 15
2700 225 13
2700 200 18
2700 175 24
2700 150 17
2700 125 17
2700 100 12
2700 75 10
2700 50 13
2700 25 4
2700 0 9
2675 875 17
2675 850 11
2675 825 5
2675 800 12
2675 775 17
2675 750 13
2675 725 11
2675 700 18
2675 675 16
2675 650 15
2675 625 11
2675 600 11
2675 575 10
2675 550 11
2675 525 11
2675 500 13
2675 475 10
2675 450 18
2675 425 9
2675 400 16
2675 375 14
2675 350 10
2675 325 9
2675 300 13
2675 275 15
2675 250 17
2675 225 13
2675 200 14
2675 175 14
2675 150 16
2675 125 10
2675 100 12
2675 75 16
2675 50 15
2675 25 11
2675 0 18
2650 875 10
2650 850 4
2650 825 7
2650 800 5
2650 775 17
2650 750 10
2650 725 11
2650 700 8
2650 675 15
2650 650 26
2650 625 14
2650 600 10
2650 575 10
2650 550 15
2650 525 10
2650 500 11
2650 475 14
2650 450 11
2650 425 14
2650 400 13
2650 375 17
2650 350 11
2650 325 12
2650 300 16
2650 275 14
2650 250 9
2650 225 12
2650 200 18
2650 175 20
2650 150 24
2650 125 11
2650 100 11
2650 75 10
2650 50 16
2650 25 5
2650 0 11
2625 875 4
2625 850 3
2625 825 8
2625 800 2
2625 775 22
2625 750 12
2625 725 11
2625 700 7
2625 675 18
2625 650 26
2625 625 17
2625 600 9
2625 575 7
2625 550 12
2625 525 12
2625 500 12
2625 475 10
2625 450 13
2625 425 10
2625 400 14
2625 375 12
2625 350 10
2625 325 9
2625 300 12
2625 275 18
2625 250 11
2625 225 14
2625 200 20
2625 175 24
2625 150 21
2625 125 17
2625 100 9
2625 75 10
2625 50 14
2625 25 1
2625 0 6
2600 875 7
2600 850 5
2600 825 11
2600 800 6
2600 775 17
2600 750 14
2600 725 11
2600 700 13
2600 675 17
2600 650 32
2600 625 20
2600 600 8
2600 575 13
2600 550 14
2600 525 15
2600 500 10
2600 475 10
2600 450 10
2600 425 13
2600 400 16
2600 375 13
2600 350 9
2600 325 10
2600 300 15
2600 275 18
2600 250 15
2600 225 12
2600 200 12
2600 175 21
2600 150 24
2600 125 9
2600 100 10
2600 75 8
2600 50 14
2600 25 4
2600 0 9
2575 875 9
2575 850 15
2575 825 20
2575 800 14
2575 775 17
2575 750 13
2575 725 14
2575 700 16
2575 675 19
2575 650 15
2575 625 19
2575 600 16
2575 575 13
2575 550 21
2575 525 18
2575 500 23
2575 475 23
2575 450 16
2575 425 22
2575 400 17
2575 375 19
2575 350 16
2575 325 18
2575 300 17
2575 275 17
2575 250 16
2575 225 18
2575 200 18
2575 175 14
2575 150 17
2575 125 19
2575 100 20
2575 75 15
2575 50 11
2575 25 7
2575 0 13
2550 875 10
2550 850 12
2550 825 17
2550 800 11
2550 775 14
2550 750 10
2550 725 10
2550 700 19
2550 675 13
2550 650 12
2550 625 9
2550 600 14
2550 575 13
2550 550 23
2550 525 11
2550 500 10
2550 475 17
2550 450 13
2550 425 18
2550 400 11
2550 375 16
2550 350 10
2550 325 17
2550 300 14
2550 275 16
2550 250 14
2550 225 19
2550 200 21
2550 175 16
2550 150 16
2550 125 15
2550 100 17
2550 75 13
2550 50 13
2550 25 4
2550 0 9
2525 875 8
2525 850 3
2525 825 5
2525 800 2
2525 775 12
2525 750 5
2525 725 6
2525 700 9
2525 675 13
2525 650 14
2525 625 9
2525 600 6
2525 575 10
2525 550 14
2525 525 18
2525 500 13
2525 475 11
2525 450 13
2525 425 11
2525 400 12
2525 375 13
2525 350 7
2525 325 15
2525 300 24
2525 275 14
2525 250 10
2525 225 17
2525 200 20
2525 175 22
2525 150 22
2525 125 10
2525 100 11
2525 75 6
2525 50 8
2525 25 3
2525 0 7
2500 875 15
2500 850 16
2500 825 14
2500 800 14
2500 775 9
2500 750 7
2500 725 14
2500 700 15
2500 675 20
2500 650 10
2500 625 14
2500 600 14
2500 575 16
2500 550 17
2500 525 11
2500 500 23
2500 475 18
2500 450 23
2500 425 13
2500 400 15
2500 375 26
2500 350 16
2500 325 24
2500 300 10
2500 275 17
2500 250 17
2500 225 14
2500 200 20
2500 175 20
2500 150 20
2500 125 21
2500 100 15
2500 75 8
2500 50 6
2500 25 5
2500 0 13
2475 875 17
2475 850 7
2475 825 11
2475 800 6
2475 775 12
2475 750 6
2475 725 8
2475 700 12
2475 675 20
2475 650 15
2475 625 12
2475 600 15
2475 575 13
2475 550 16
2475 525 18
2475 500 17
2475 475 17
2475 450 19
2475 425 16
2475 400 16
2475 375 17
2475 350 10
2475 325 18
2475 300 17
2475 275 16
2475 250 12
2475 225 16
2475 200 16
2475 175 15
2475 150 22
2475 125 14
2475 100 11
2475 75 9
2475 50 10
2475 25 3
2475 0 8
2450 875 21
2450 850 11
2450 825 12
2450 800 8
2450 775 10
2450 750 9
2450 725 12
2450 700 14
2450 675 19
2450 650 10
2450 625 10
2450 600 17
2450 575 10
2450 550 13
2450 525 17
2450 500 20
2450 475 15
2450 450 19
2450 425 10
2450 400 9
2450 375 16
2450 350 10
2450 325 20
2450 300 11
2450 275 18
2450 250 24
2450 225 10
2450 200 19
2450 175 14
2450 150 24
2450 125 21
2450 100 13
2450 75 10
2450 50 7
2450 25 5
2450 0 9
2425 875 18
2425 850 11
2425 825 13
2425 800 13
2425 775 9
2425 750 4
2425 725 6
2425 700 17
2425 675 13
2425 650 8
2425 625 7
2425 600 14
2425 575 14
2425 550 18
2425 525 16
2425 500 15
2425 475 18
2425 450 20
2425 425 10
2425 400 16
2425 375 16
2425 350 9
2425 325 17
2425 300 12
2425 275 12
2425 250 19
2425 225 14
2425 200 16
2425 175 11
2425 150 16
2425 125 16
2425 100 20
2425 75 11
2425 50 2
2425 25 2
2425 0 8
2400 875 13
2400 850 12
2400 825 17
2400 800 10
2400 775 20
2400 750 13
2400 725 12
2400 700 17
2400 675 11
2400 650 15
2400 625 15
2400 600 14
2400 575 16
2400 550 33
2400 525 14
2400 500 20
2400 475 22
2400 450 15
2400 425 17
2400 400 14
2400 375 14
2400 350 17
2400 325 17
2400 300 17
2400 275 15
2400 250 19
2400 225 21
2400 200 17
2400 175 16
2400 150 22
2400 125 17
2400 100 22
2400 75 12
2400 50 10
2400 25 8
2400 0 16
2375 875 14
2375 850 6
2375 825 8
2375 800 11
2375 775 10
2375 750 10
2375 725 14
2375 700 18
2375 675 18
2375 650 14
2375 625 11
2375 600 21
2375 575 14
2375 550 19
2375 525 30
2375 500 12
2375 475 17
2375 450 13
2375 425 13
2375 400 18
2375 375 15
2375 350 17
2375 325 12
2375 300 23
2375 275 21
2375 250 14
2375 225 12
2375 200 20
2375 175 13
2375 150 16
2375 125 14
2375 100 11
2375 75 13
2375 50 9
2375 25 9
2375 0 8
2350 875 8
2350 850 13
2350 825 17
2350 800 11
2350 775 16
2350 750 11
2350 725 16
2350 700 10
2350 675 14
2350 650 16
2350 625 12
2350 600 15
2350 575 13
2350 550 16
2350 525 10
2350 500 35
2350 475 17
2350 450 16
2350 425 14
2350 400 11
2350 375 19
2350 350 13
2350 325 22
2350 300 19
2350 275 10
2350 250 14
2350 225 16
2350 200 16
2350 175 13
2350 150 21
2350 125 19
2350 100 20
2350 75 14
2350 50 6
2350 25 9
2350 0 19
2325 875 10
2325 850 21
2325 825 19
2325 800 23
2325 775 15
2325 750 12
2325 725 22
2325 700 17
2325 675 19
2325 650 13
2325 625 12
2325 600 16
2325 575 17
2325 550 23
2325 525 18
2325 500 21
2325 475 34
2325 450 17
2325 425 13
2325 400 13
2325 375 21
2325 350 17
2325 325 22
2325 300 16
2325 275 13
2325 250 16
2325 225 17
2325 200 21
2325 175 18
2325 150 16
2325 125 21
2325 100 17
2325 75 22
2325 50 18
2325 25 11
2325 0 11
2300 875 12
2300 850 8
2300 825 10
2300 800 14
2300 775 14
2300 750 9
2300 725 10
2300 700 15
2300 675 15
2300 650 15
2300 625 18
2300 600 11
2300 575 13
2300 550 21
2300 525 18
2300 500 18
2300 475 12
2300 450 28
2300 425 15
2300 400 19
2300 375 20
2300 350 9
2300 325 19
2300 300 16
2300 275 14
2300 250 12
2300 225 14
2300 200 20
2300 175 15
2300 150 17
2300 125 18
2300 100 14
2300 75 14
2300 50 9
2300 25 2
2300 0 11
2275 875 14
2275 850 9
2275 825 16
2275 800 8
2275 775 14
2275 750 9
2275 725 9
2275 700 18
2275 675 18
2275 650 20
2275 625 20
2275 600 15
2275 575 12
2275 550 24
2275 525 12
2275 500 19
2275 475 19
2275 450 13
2275 425 27
2275 400 16
2275 375 21
2275 350 12
2275 325 19
2275 300 15
2275 275 19
2275 250 18
2275 225 25
2275 200 20
2275 175 20
2275 150 18
2275 125 19
2275 100 18
2275 75 12
2275 50 8
2275 25 3
2275 0 11
2250 875 10
2250 850 13
2250 825 16
2250 800 7
2250 775 19
2250 750 14
2250 725 15
2250 700 19
2250 675 22
2250 650 22
2250 625 19
2250 600 15
2250 575 15
2250 550 18
2250 525 27
2250 500 18
2250 475 16
2250 450 12
2250 425 17
2250 400 25
2250 375 17
2250 350 14
2250 325 17
2250 300 14
2250 275 20
2250 250 14
2250 225 23
2250 200 19
2250 175 18
2250 150 18
2250 125 18
2250 100 17
2250 75 10
2250 50 13
2250 25 7
2250 0 16
2225 875 9
2225 850 12
2225 825 17
2225 800 11
2225 775 14
2225 750 10
2225 725 14
2225 700 17
2225 675 19
2225 650 17
2225 625 24
2225 600 15
2225 575 11
2225 550 16
2225 525 10
2225 500 25
2225 475 18
2225 450 16
2225 425 18
2225 400 17
2225 375 29
2225 350 14
2225 325 16
2225 300 15
2225 275 18
2225 250 18
2225 225 15
2225 200 16
2225 175 18
2225 150 18
2225 125 18
2225 100 18
2225 75 12
2225 50 13
2225 25 9
2225 0 19
2200 875 7
2200 850 15
2200 825 15
2200 800 8
2200 775 12
2200 750 7
2200 725 13
2200 700 16
2200 675 16
2200 650 9
2200 625 9
2200 600 13
2200 575 16
2200 550 19
2200 525 11
2200 500 16
2200 475 16
2200 450 12
2200 425 19
2200 400 11
2200 375 14
2200 350 29
2200 325 16
2200 300 13
2200 275 16
2200 250 17
2200 225 21
2200 200 18
2200 175 18
2200 150 20
2200 125 17
2200 100 19
2200 75 9
2200 50 9
2200 25 9
2200 0 16
2175 875 6
2175 850 20
2175 825 18
2175 800 15
2175 775 13
2175 750 8
2175 725 19
2175 700 14
2175 675 26
2175 650 16
2175 625 11
2175 600 16
2175 575 20
2175 550 21
2175 525 13
2175 500 25
2175 475 21
2175 450 19
2175 425 15
2175 400 19
2175 375 20
2175 350 16
2175 325 32
2175 300 12
2175 275 13
2175 250 19
2175 225 19
2175 200 18
2175 175 21
2175 150 19
2175 125 24
2175 100 15
2175 75 14
2175 50 13
2175 25 7
2175 0 12
2150 875 8
2150 850 8
2150 825 11
2150 800 10
2150 775 13
2150 750 14
2150 725 13
2150 700 17
2150 675 18
2150 650 18
2150 625 11
2150 600 19
2150 575 16
2150 550 19
2150 525 12
2150 500 10
2150 475 14
2150 450 15
2150 425 13
2150 400 16
2150 375 13
2150 350 18
2150 325 14
2150 300 18
2150 275 20
2150 250 13
2150 225 14
2150 200 17
2150 175 16
2150 150 12
2150 125 11
2150 100 14
2150 75 14
2150 50 14
2150 25 7
2150 0 8
2125 875 7
2125 850 5
2125 825 15
2125 800 8
2125 775 10
2125 750 12
2125 725 15
2125 700 11
2125 675 14
2125 650 24
2125 625 16
2125 600 14
2125 575 12
2125 550 10
2125 525 17
2125 500 15
2125 475 14
2125 450 16
2125 425 14
2125 400 16
2125 375 19
2125 350 11
2125 325 8
2125 300 20
2125 275 20
2125 250 17
2125 225 12
2125 200 12
2125 175 22
2125 150 20
2125 125 16
2125 100 11
2125 75 12
2125 50 12
2125 25 3
2125 0 7
2100 875 12
2100 850 11
2100 825 11
2100 800 11
2100 775 14
2100 750 10
2100 725 9
2100 700 16
2100 675 16
2100 650 13
2100 625 14
2100 600 13
2100 575 16
2100 550 21
2100 525 16
2100 500 20
2100 475 13
2100 450 20
2100 425 11
2100 400 13
2100 375 15
2100 350 9
2100 325 16
2100 300 17
2100 275 16
2100 250 19
2100 225 18
2100 200 23
2100 175 12
2100 150 16
2100 125 22
2100 100 18
2100 75 12
2100 50 11
2100 25 2
2100 0 15
2075 875 8
2075 850 10
2075 825 15
2075 800 10
2075 775 11
2075 750 8
2075 725 15
2075 700 14
2075 675 19
2075 650 13
2075 625 18
2075 600 18
2075 575 20
2075 550 19
2075 525 15
2075 500 15
2075 475 16
2075 450 22
2075 425 15
2075 400 14
2075 375 17
2075 350 10
2075 325 19
2075 300 9
2075 275 15
2075 250 17
2075 225 15
2075 200 20
2075 175 24
2075 150 22
2075 125 21
2075 100 12
2075 75 8
2075 50 13
2075 25 1
2075 0 10
2050 875 12
2050 850 9
2050 825 14
2050 800 11
2050 775 15
2050 750 15
2050 725 16
2050 700 16
2050 675 22
2050 650 18
2050 625 13
2050 600 18
2050 575 13
2050 550 14
2050 525 21
2050 500 21
2050 475 19
2050 450 16
2050 425 10
2050 400 10
2050 375 18
2050 350 14
2050 325 18
2050 300 15
2050 275 25
2050 250 18
2050 225 9
2050 200 16
2050 175 16
2050 150 18
2050 125 16
2050 100 14
2050 75 12
2050 50 14
2050 25 6
2050 0 11
2025 875 10
2025 850 7
2025 825 5
2025 800 11
2025 775 13
2025 750 9
2025 725 14
2025 700 12
2025 675 14
2025 650 14
2025 625 12
2025 600 13
2025 575 17
2025 550 17
2025 525 23
2025 500 16
2025 475 19
2025 450 21
2025 425 14
2025 400 13
2025 375 17
2025 350 13
2025 325 15
2025 300 25
2025 275 19
2025 250 16
2025 225 19
2025 200 22
2025 175 19
2025 150 21
2025 125 18
2025 100 15
2025 75 12
2025 50 9
2025 25 2
2025 0 7
2000 875 9
2000 850 21
2000 825 16
2000 800 13
2000 775 18
2000 750 12
2000 725 23
2000 700 20
2000 675 17
2000 650 10
2000 625 14
2000 600 14
2000 575 17
2000 550 24
2000 525 17
2000 500 18
2000 475 20
2000 450 18
2000 425 16
2000 400 12
2000 375 23
2000 350 18
2000 325 22
2000 300 21
2000 275 16
2000 250 18
2000 225 24
2000 200 28
2000 175 21
2000 150 27
2000 125 22
2000 100 19
2000 75 21
2000 50 12
2000 25 8
2000 0 14
1975 875 10
1975 850 13
1975 825 9
1975 800 11
1975 775 17
1975 750 11
1975 725 11
1975 700 15
1975 675 19
1975 650 20
1975 625 16
1975 600 10
1975 575 9
1975 550 16
1975 525 15
1975 500 19
1975 475 15
1975 450 16
1975 425 16
1975 400 15
1975 375 20
1975 350 10
1975 325 17
1975 300 18
1975 275 20
1975 250 17
1975 225 17
1975 200 18
1975 175 20
1975 150 23
1975 125 17
1975 100 16
1975 75 12
1975 50 13
1975 25 2
1975 0 13
1950 875 14
1950 850 9
1950 825 10
1950 800 9
1950 775 16
1950 750 12
1950 725 13
1950 700 12
1950 675 20
1950 650 20
1950 625 14
1950 600 5
1950 575 11
1950 550 18
1950 525 16
1950 500 22
1950 475 18
1950 450 16
1950 425 10
1950 400 19
1950 375 18
1950 350 11
1950 325 17
1950 300 16
1950 275 15
1950 250 16
1950 225 18
1950 200 24
1950 175 23
1950 150 19
1950 125 15
1950 100 17
1950 75 13
1950 50 14
1950 25 4
1950 0 7
1925 875 10
1925 850 14
1925 825 11
1925 800 12
1925 775 16
1925 750 11
1925 725 18
1925 700 9
1925 675 15
1925 650 8
1925 625 8
1925 600 14
1925 575 18
1925 550 20
1925 525 14
1925 500 16
1925 475 14
1925 450 21
1925 425 15
1925 400 12
1925 375 11
1925 350 16
1925 325 15
1925 300 15
1925 275 11
1925 250 17
1925 225 16
1925 200 20
1925 175 14
1925 150 14
1925 125 22
1925 100 13
1925 75 11
1925 50 11
1925 25 6
1925 0 12
1900 875 14
1900 850 14
1900 825 16
1900 800 11
1900 775 18
1900 750 11
1900 725 16
1900 700 14
1900 675 17
1900 650 13
1900 625 19
1900 600 19
1900 575 15
1900 550 26
1900 525 23
1900 500 18
1900 475 21
1900 450 11
1900 425 17
1900 400 13
1900 375 14
1900 350 21
1900 325 17
1900 300 16
1900 275 24
1900 250 17
1900 225 17
1900 200 19
1900 175 20
1900 150 19
1900 125 20
1900 100 15
1900 75 10
1900 50 8
1900 25 9
1900 0 14
3875 875 6
3875 850 8
3875 825 7
3875 800 4
3875 775 16
3875 750 20
3875 725 13
3875 700 11
3875 675 15
3875 650 26
3875 625 18
3875 600 11
3875 575 5
3875 550 14
3875 525 11
3875 500 13
3875 475 10
3875 450 11
3875 425 11
3875 400 12
3875 375 14
3875 350 11
3875 325 9
3875 300 18
3875 275 19
3875 250 9
3875 225 16
3875 200 11
3875 175 18
3875 150 14
3875 125 12
3875 100 10
3875 75 17
3875 50 14
3875 25 4
3875 0 8
3850 875 3
3850 850 13
3850 825 13
3850 800 12
3850 775 12
3850 750 8
3850 725 20
3850 700 21
3850 675 19
3850 650 15
3850 625 13
3850 600 15
3850 575 16
3850 550 22
3850 525 15
3850 500 22
3850 475 21
3850 450 19
3850 425 18
3850 400 15
3850 375 28
3850 350 14
3850 325 19
3850 300 19
3850 275 24
3850 250 14
3850 225 18
3850 200 22
3850 175 19
3850 150 19
3850 125 14
3850 100 16
3850 75 18
3850 50 17
3850 25 4
3850 0 13
3825 875 2
3825 850 6
3825 825 3
3825 800 6
3825 775 5
3825 750 8
3825 725 8
3825 700 7
3825 675 5
3825 650 5
3825 625 12
3825 600 6
3825 575 2
3825 550 1
3825 525 8
3825 500 0
3825 475 1
3825 450 2
3825 425 6
3825 400 10
3825 375 2
3825 350 6
3825 325 1
3825 300 10
3825 275 9
3825 250 6
3825 225 7
3825 200 2
3825 175 4
3825 150 1
3825 125 6
3825 100 5
3825 75 9
3825 50 10
3825 25 9
3825 0 8
3800 875 18
3800 850 13
3800 825 11
3800 800 11
3800 775 18
3800 750 17
3800 725 16
3800 700 14
3800 675 16
3800 650 15
3800 625 14
3800 600 18
3800 575 16
3800 550 17
3800 525 18
3800 500 18
3800 475 14
3800 450 16
3800 425 17
3800 400 18
3800 375 13
3800 350 13
3800 325 16
3800 300 14
3800 275 18
3800 250 19
3800 225 14
3800 200 21
3800 175 13
3800 150 17
3800 125 20
3800 100 8
3800 75 23
3800 50 14
3800 25 10
3800 0 18
3775 875 13
3775 850 19
3775 825 12
3775 800 15
3775 775 14
3775 750 6
3775 725 13
3775 700 17
3775 675 11
3775 650 9
3775 625 5
3775 600 13
3775 575 16
3775 550 11
3775 525 11
3775 500 12
3775 475 13
3775 450 17
3775 425 12
3775 400 17
3775 375 9
3775 350 13
3775 325 20
3775 300 15
3775 275 12
3775 250 20
3775 225 11
3775 200 18
3775 175 11
3775 150 14
3775 125 12
3775 100 17
3775 75 8
3775 50 9
3775 25 12
3775 0 17
3750 875 7
3750 850 3
3750 825 8
3750 800 3
3750 775 9
3750 750 7
3750 725 11
3750 700 8
3750 675 16
3750 650 19
3750 625 13
3750 600 13
3750 575 10
3750 550 7
3750 525 15
3750 500 10
3750 475 14
3750 450 11
3750 425 7
3750 400 20
3750 375 12
3750 350 7
3750 325 4
3750 300 10
3750 275 15
3750 250 15
3750 225 9
3750 200 11
3750 175 19
3750 150 13
3750 125 14
3750 100 7
3750 75 7
3750 50 12
3750 25 0
3750 0 6
3725 875 4
3725 850 15
3725 825 15
3725 800 7
3725 775 11
3725 750 4
3725 725 11
3725 700 14
3725 675 19
3725 650 8
3725 625 7
3725 600 15
3725 575 22
3725 550 17
3725 525 12
3725 500 20
3725 475 17
3725 450 11
3725 425 23
3725 400 13
3725 375 16
3725 350 15
3725 325 23
3725 300 10
3725 275 12
3725 250 18
3725 225 20
3725 200 20
3725 175 10
3725 150 15
3725 125 21
3725 100 20
3725 75 5
3725 50 6
3725 25 3
3725 0 16
3700 875 8
3700 850 13
3700 825 16
3700 800 8
3700 775 9
3700 750 2
3700 725 20
3700 700 10
3700 675 12
3700 650 4
3700 625 12
3700 600 16
3700 575 20
3700 550 20
3700 525 10
3700 500 17
3700 475 19
3700 450 14
3700 425 19
3700 400 11
3700 375 16
3700 350 14
3700 325 20
3700 300 6
3700 275 9
3700 250 19
3700 225 17
3700 200 16
3700 175 16
3700 150 30
3700 125 18
3700 100 13
3700 75 9
3700 50 5
3700 25 4
3700 0 18
3675 875 19
3675 850 10
3675 825 14
3675 800 10
3675 775 7
3675 750 4
3675 725 9
3675 700 17
3675 675 16
3675 650 12
3675 625 11
3675 600 16
3675 575 10
3675 550 17
3675 525 15
3675 500 20
3675 475 17
3675 450 14
3675 425 9
3675 400 12
3675 375 21
3675 350 8
3675 325 19
3675 300 10
3675 275 14
3675 250 18
3675 225 12
3675 200 15
3675 175 15
3675 150 15
3675 125 13
3675 100 15
3675 75 7
3675 50 3
3675 25 4
3675 0 12
3650 875 3
3650 850 8
3650 825 8
3650 800 6
3650 775 13
3650 750 13
3650 725 12
3650 700 11
3650 675 14
3650 650 13
3650 625 10
3650 600 10
3650 575 14
3650 550 15
3650 525 13
3650 500 15
3650 475 12
3650 450 10
3650 425 12
3650 400 11
3650 375 11
3650 350 14
3650 325 9
3650 300 24
3650 275 13
3650 250 8
3650 225 18
3650 200 19
3650 175 18
3650 150 20
3650 125 8
3650 100 14
3650 75 15
3650 50 14
3650 25 7
3650 0 12
3625 875 1
3625 850 9
3625 825 14
3625 800 8
3625 775 17
3625 750 21
3625 725 19
3625 700 17
3625 675 15
3625 650 13
3625 625 21
3625 600 10
3625 575 12
3625 550 12
3625 525 15
3625 500 7
3625 475 14
3625 450 12
3625 425 14
3625 400 17
3625 375 11
3625 350 22
3625 325 9
3625 300 15
3625 275 15
3625 250 16
3625 225 15
3625 200 17
3625 175 16
3625 150 11
3625 125 13
3625 100 16
3625 75 13
3625 50 16
3625 25 11
3625 0 11
3600 875 8
3600 850 11
3600 825 14
3600 800 9
3600 775 14
3600 750 12
3600 725 13
3600 700 16
3600 675 20
3600 650 20
3600 625 17
3600 600 12
3600 575 15
3600 550 20
3600 525 13
3600 500 23
3600 475 21
3600 450 21
3600 425 14
3600 400 20
3600 375 22
3600 350 8
3600 325 19
3600 300 15
3600 275 15
3600 250 20
3600 225 18
3600 200 17
3600 175 25
3600 150 18
3600 125 19
3600 100 20
3600 75 10
3600 50 15
3600 25 3
3600 0 13
3575 875 11
3575 850 11
3575 825 11
3575 800 7
3575 775 18
3575 750 16
3575 725 16
3575 700 13
3575 675 11
3575 650 9
3575 625 11
3575 600 8
3575 575 7
3575 550 16
3575 525 12
3575 500 19
3575 475 12
3575 450 11
3575 425 13
3575 400 6
3575 375 12
3575 350 16
3575 325 25
3575 300 20
3575 275 14
3575 250 13
3575 225 18
3575 200 18
3575 175 15
3575 150 18
3575 125 12
3575 100 15
3575 75 12
3575 50 11
3575 25 12
3575 0 13
3550 875 3
3550 850 13
3550 825 10
3550 800 2
3550 775 14
3550 750 9
3550 725 16
3550 700 10
3550 675 14
3550 650 18
3550 625 15
3550 600 9
3550 575 14
3550 550 16
3550 525 9
3550 500 18
3550 475 22
3550 450 9
3550 425 15
3550 400 11
3550 375 16
3550 350 14
3550 325 14
3550 300 17
3550 275 14
3550 250 15
3550 225 22
3550 200 16
3550 175 22
3550 150 22
3550 125 17
3550 100 16
3550 75 10
3550 50 10
3550 25 6
3550 0 16
3525 875 6
3525 850 16
3525 825 12
3525 800 6
3525 775 17
3525 750 14
3525 725 17
3525 700 15
3525 675 12
3525 650 13
3525 625 16
3525 600 14
3525 575 12
3525 550 16
3525 525 14
3525 500 18
3525 475 21
3525 450 16
3525 425 13
3525 400 13
3525 375 17
3525 350 15
3525 325 17
3525 300 26
3525 275 18
3525 250 12
3525 225 18
3525 200 21
3525 175 20
3525 150 20
3525 125 10
3525 100 15
3525 75 13
3525 50 12
3525 25 6
3525 0 14
3500 875 6
3500 850 5
3500 825 8
3500 800 5
3500 775 17
3500 750 12
3500 725 14
3500 700 9
3500 675 12
3500 650 18
3500 625 12
3500 600 13
3500 575 6
3500 550 13
3500 525 13
3500 500 11
3500 475 6
3500 450 13
3500 425 15
3500 400 15
3500 375 13
3500 350 10
3500 325 10
3500 300 19
3500 275 17
3500 250 11
3500 225 16
3500 200 19
3500 175 20
3500 150 18
3500 125 9
3500 100 11
3500 75 12
3500 50 9
3500 25 8
3500 0 8
3475 875 9
3475 850 11
3475 825 14
3475 800 14
3475 775 13
3475 750 14
3475 725 11
3475 700 12
3475 675 18
3475 650 22
3475 625 12
3475 600 11
3475 575 15
3475 550 20
3475 525 18
3475 500 21
3475 475 15
3475 450 21
3475 425 11
3475 400 14
3475 375 13
3475 350 13
3475 325 18
3475 300 18
3475 275 15
3475 250 14
3475 225 16
3475 200 17
3475 175 18
3475 150 20
3475 125 15
3475 100 15
3475 75 16
3475 50 12
3475 25 6
3475 0 9
3450 875 8
3450 850 7
3450 825 22
3450 800 12
3450 775 10
3450 750 15
3450 725 10
3450 700 12
3450 675 17
3450 650 24
3450 625 19
3450 600 13
3450 575 11
3450 550 12
3450 525 15
3450 500 20
3450 475 13
3450 450 14
3450 425 21
3450 400 17
3450 375 25
3450 350 11
3450 325 13
3450 300 13
3450 275 18
3450 250 13
3450 225 13
3450 200 14
3450 175 17
3450 150 10
3450 125 19
3450 100 16
3450 75 17
3450 50 14
3450 25 6
3450 0 14
3425 875 9
3425 850 12
3425 825 13
3425 800 9
3425 775 13
3425 750 7
3425 725 13
3425 700 19
3425 675 18
3425 650 16
3425 625 9
3425 600 18
3425 575 24
3425 550 14
3425 525 13
3425 500 14
3425 475 21
3425 450 27
3425 425 11
3425 400 15
3425 375 22
3425 350 10
3425 325 16
3425 300 13
3425 275 14
3425 250 17
3425 225 13
3425 200 17
3425 175 18
3425 150 16
3425 125 14
3425 100 14
3425 75 13
3425 50 15
3425 25 5
3425 0 16
3400 875 14
3400 850 8
3400 825 16
3400 800 12
3400 775 16
3400 750 10
3400 725 9
3400 700 17
3400 675 14
3400 650 16
3400 625 20
3400 600 14
3400 575 16
3400 550 17
3400 525 18
3400 500 15
3400 475 17
3400 450 20
3400 425 21
3400 400 22
3400 375 15
3400 350 13
3400 325 17
3400 300 17
3400 275 24
3400 250 14
3400 225 18
3400 200 23
3400 175 21
3400 150 17
3400 125 16
3400 100 18
3400 75 8
3400 50 6
3400 25 9
3400 0 10
3375 875 9
3375 850 8
3375 825 17
3375 800 13
3375 775 16
3375 750 11
3375 725 15
3375 700 14
3375 675 18
3375 650 16
3375 625 21
3375 600 14
3375 575 13
3375 550 15
3375 525 17
3375 500 21
3375 475 14
3375 450 15
3375 425 17
3375 400 22
3375 375 16
3375 350 15
3375 325 15
3375 300 15
3375 275 18
3375 250 15
3375 225 20
3375 200 16
3375 175 20
3375 150 17
3375 125 19
3375 100 15
3375 75 13
3375 50 12
3375 25 13
3375 0 15
3350 875 16
3350 850 5
3350 825 10
3350 800 13
3350 775 13
3350 750 11
3350 725 11
3350 700 9
3350 675 14
3350 650 19
3350 625 15
3350 600 10
3350 575 8
3350 550 9
3350 525 14
3350 500 14
3350 475 11
3350 450 24
3350 425 11
3350 400 10
3350 375 14
3350 350 8
3350 325 13
3350 300 9
3350 275 18
3350 250 20
3350 225 7
3350 200 11
3350 175 15
3350 150 16
3350 125 16
3350 100 8
3350 75 10
3350 50 12
3350 25 3
3350 0 9
3325 875 9
3325 850 8
3325 825 14
3325 800 11
3325 775 16
3325 750 13
3325 725 20
3325 700 18
3325 675 23
3325 650 18
3325 625 20
3325 600 17
3325 575 8
3325 550 15
3325 525 19
3325 500 14
3325 475 18
3325 450 15
3325 425 18
3325 400 23
3325 375 16
3325 350 13
3325 325 13
3325 300 19
3325 275 22
3325 250 18
3325 225 13
3325 200 15
3325 175 22
3325 150 20
3325 125 19
3325 100 13
3325 75 13
3325 50 10
3325 25 6
3325 0 8
3300 875 4
3300 850 9
3300 825 18
3300 800 11
3300 775 12
3300 750 11
3300 725 16
3300 700 14
3300 675 18
3300 650 13
3300 625 11
3300 600 12
3300 575 19
3300 550 15
3300 525 12
3300 500 18
3300 475 20
3300 450 21
3300 425 15
3300 400 14
3300 375 19
3300 350 14
3300 325 20
3300 300 12
3300 275 12
3300 250 16
3300 225 18
3300 200 15
3300 175 20
3300 150 17
3300 125 17
3300 100 19
3300 75 12
3300 50 11
3300 25 3
3300 0 15
3275 875 17
3275 850 15
3275 825 12
3275 800 15
3275 775 13
3275 750 5
3275 725 19
3275 700 11
3275 675 16
3275 650 13
3275 625 11
3275 600 16
3275 575 16
3275 550 14
3275 525 15
3275 500 11
3275 475 17
3275 450 17
3275 425 13
3275 400 9
3275 375 10
3275 350 15
3275 325 18
3275 300 9
3275 275 19
3275 250 18
3275 225 12
3275 200 16
3275 175 12
3275 150 18
3275 125 17
3275 100 11
3275 75 10
3275 50 12
3275 25 6
3275 0 11
3250 875 16
3250 850 8
3250 825 4
3250 800 7
3250 775 10
3250 750 10
3250 725 10
3250 700 6
3250 675 5
3250 650 8
3250 625 5
3250 600 8
3250 575 8
3250 550 13
3250 525 13
3250 500 16
3250 475 15
3250 450 11
3250 425 8
3250 400 6
3250 375 12
3250 350 13
3250 325 16
3250 300 12
3250 275 14
3250 250 9
3250 225 7
3250 200 19
3250 175 13
3250 150 19
3250 125 9
3250 100 9
3250 75 10
3250 50 4
3250 25 2
3250 0 11
3225 875 13
3225 850 19
3225 825 17
3225 800 15
3225 775 10
3225 750 16
3225 725 18
3225 700 19
3225 675 20
3225 650 14
3225 625 14
3225 600 16
3225 575 12
3225 550 11
3225 525 15
3225 500 14
3225 475 13
3225 450 14
3225 425 13
3225 400 13
3225 375 14
3225 350 16
3225 325 15
3225 300 16
3225 275 16
3225 250 19
3225 225 13
3225 200 15
3225 175 7
3225 150 13
3225 125 16
3225 100 17
3225 75 11
3225 50 18
3225 25 22
3225 0 15
3200 875 8
3200 850 11
3200 825 9
3200 800 10
3200 775 17
3200 750 13
3200 725 15
3200 700 11
3200 675 12
3200 650 12
3200 625 9
3200 600 9
3200 575 17
3200 550 20
3200 525 13
3200 500 10
3200 475 15
3200 450 10
3200 425 13
3200 400 16
3200 375 9
3200 350 18
3200 325 17
3200 300 12
3200 275 10
3200 250 7
3200 225 21
3200 200 18
3200 175 15
3200 150 18
3200 125 9
3200 100 13
3200 75 7
3200 50 11
3200 25 6
3200 0 10
3175 875 4
3175 850 5
3175 825 8
3175 800 4
3175 775 11
3175 750 14
3175 725 20
3175 700 9
3175 675 13
3175 650 17
3175 625 15
3175 600 10
3175 575 5
3175 550 5
3175 525 12
3175 500 12
3175 475 9
3175 450 7
3175 425 7
3175 400 7
3175 375 7
3175 350 10
3175 325 8
3175 300 15
3175 275 18
3175 250 13
3175 225 8
3175 200 8
3175 175 21
3175 150 15
3175 125 12
3175 100 8
3175 75 11
3175 50 17
3175 25 11
3175 0 6
3150 875 0
3150 850 0
3150 825 0
3150 800 0
3150 775 10
3150 750 10
3150 725 5
3150 700 2
3150 675 8
3150 650 16
3150 625 11
3150 600 2
3150 575 0
3150 550 2
3150 525 9
3150 500 1
3150 475 6
3150 450 1
3150 425 3
3150 400 5
3150 375 6
3150 350 6
3150 325 0
3150 300 13
3150 275 10
3150 250 2
3150 225 8
3150 200 5
3150 175 19
3150 150 13
3150 125 2
3150 100 4
3150 75 9
3150 50 10
3150 25 1
3150 0 2
3125 875 9
3125 850 16
3125 825 9
3125 800 14
3125 775 18
3125 750 15
3125 725 15
3125 700 15
3125 675 17
3125 650 15
3125 625 18
3125 600 18
3125 575 7
3125 550 12
3125 525 18
3125 500 13
3125 475 13
3125 450 8
3125 425 9
3125 400 12
3125 375 10
3125 350 12
3125 325 10
3125 300 20
3125 275 18
3125 250 12
3125 225 10
3125 200 7
3125 175 7
3125 150 8
3125 125 9
3125 100 14
3125 75 27
3125 50 18
3125 25 19
3125 0 16
3100 875 14
3100 850 14
3100 825 17
3100 800 8
3100 775 15
3100 750 14
3100 725 15
3100 700 13
3100 675 12
3100 650 17
3100 625 12
3100 600 12
3100 575 13
3100 550 15
3100 525 16
3100 500 16
3100 475 11
3100 450 9
3100 425 16
3100 400 11
3100 375 5
3100 350 18
3100 325 14
3100 300 11
3100 275 14
3100 250 13
3100 225 13
3100 200 18
3100 175 11
3100 150 12
3100 125 15
3100 100 15
3100 75 13
3100 50 18
3100 25 16
3100 0 13
3075 875 12
3075 850 8
3075 825 7
3075 800 15
3075 775 15
3075 750 12
3075 725 15
3075 700 11
3075 675 11
3075 650 15
3075 625 11
3075 600 10
3075 575 11
3075 550 17
3075 525 18
3075 500 17
3075 475 17
3075 450 16
3075 425 11
3075 400 11
3075 375 14
3075 350 10
3075 325 14
3075 300 19
3075 275 12
3075 250 14
3075 225 13
3075 200 20
3075 175 17
3075 150 17
3075 125 20
3075 100 16
3075 75 13
3075 50 9
3075 25 7
3075 0 9
3050 875 6
3050 850 14
3050 825 15
3050 800 17
3050 775 18
3050 750 14
3050 725 21
3050 700 19
3050 675 17
3050 650 11
3050 625 16
3050 600 21
3050 575 17
3050 550 19
3050 525 15
3050 500 16
3050 475 19
3050 450 17
3050 425 12
3050 400 15
3050 375 11
3050 350 21
3050 325 13
3050 300 18
3050 275 22
3050 250 15
3050 225 20
3050 200 17
3050 175 16
3050 150 16
3050 125 15
3050 100 19
3050 75 24
3050 50 18
3050 25 12
3050 0 21
3025 875 19
3025 850 10
3025 825 12
3025 800 10
3025 775 6
3025 750 3
3025 725 8
3025 700 10
3025 675 10
3025 650 7
3025 625 9
3025 600 14
3025 575 12
3025 550 12
3025 525 12
3025 500 24
3025 475 10
3025 450 13
3025 425 9
3025 400 8
3025 375 15
3025 350 9
3025 325 18
3025 300 7
3025 275 8
3025 250 15
3025 225 8
3025 200 11
3025 175 12
3025 150 13
3025 125 15
3025 100 11
3025 75 7
3025 50 2
3025 25 6
3025 0 16
3000 875 7
3000 850 14
3000 825 11
3000 800 9
3000 775 11
3000 750 15
3000 725 11
3000 700 13
3000 675 10
3000 650 14
3000 625 7
3000 600 6
3000 575 11
3000 550 17
3000 525 11
3000 500 15
3000 475 12
3000 450 12
3000 425 7
3000 400 10
3000 375 11
3000 350 11
3000 325 18
3000 300 16
3000 275 11
3000 250 9
3000 225 11
3000 200 20
3000 175 9
3000 150 14
3000 125 9
3000 100 16
3000 75 13
3000 50 23
3000 25 11
3000 0 13
2975 875 12
2975 850 6
2975 825 11
2975 800 4
2975 775 13
2975 750 9
2975 725 9
2975 700 14
2975 675 18
2975 650 22
2975 625 17
2975 600 21
2975 575 13
2975 550 15
2975 525 14
2975 500 13
2975 475 15
2975 450 15
2975 425 18
2975 400 20
2975 375 17
2975 350 6
2975 325 13
2975 300 10
2975 275 16
2975 250 15
2975 225 12
2975 200 14
2975 175 19
2975 150 23
2975 125 13
2975 100 11
2975 75 7
2975 50 12
2975 25 6
2975 0 7
2950 875 17
2950 850 17
2950 825 13
2950 800 13
2950 775 18
2950 750 9
2950 725 13
2950 700 22
2950 675 15
2950 650 12
2950 625 11
2950 600 16
2950 575 12
2950 550 20
2950 525 22
2950 500 23
2950 475 16
2950 450 14
2950 425 14
2950 400 19
2950 375 13
2950 350 14
2950 325 16
2950 300 17
2950 275 17
2950 250 17
2950 225 19
2950 200 22
2950 175 13
2950 150 12
2950 125 14
2950 100 26
2950 75 11
2950 50 6
2950 25 14
2950 0 19
2925 875 11
2925 850 15
2925 825 15
2925 800 7
2925 775 19
2925 750 14
2925 725 17
2925 700 19
2925 675 15
2925 650 15
2925 625 15
2925 600 20
2925 575 15
2925 550 14
2925 525 17
2925 500 19
2925 475 21
2925 450 15
2925 425 18
2925 400 10
2925 375 19
2925 350 17
2925 325 13
2925 300 18
2925 275 21
2925 250 21
2925 225 19
2925 200 16
2925 175 17
2925 150 17
2925 125 21
2925 100 15
2925 75 15
2925 50 12
2925 25 8
2925 0 13
